1 455552.41836086405 4641822.053684879 shrubs
2 449959.8408513342 4633802.508576875 trees
3 441201.6534307497 4619029.662325286 rocks
4 468214.85800508264 4608688.669949174 grass
5 456713.1419949174 4617974.459021601 shrubs
6 472330.15088945365 4619873.824968234 trees
7 456396.58100381197 4627576.8090851335 bare
8 480033.13500635326 4628104.410736976 bare
9 477395.12674714107 4633169.386594663 trees
10 491429.33068615 4635701.874523507 grass
11 483093.22458703944 4642560.695997459 grass
12 490690.68837357056 4646781.509212199 rocks
13 488580.2817662008 4629581.695362135 grass
14 488791.32242693775 4616286.133735705 trees
15 482671.14326556545 4603307.133100381 shrubs
16 470114.2239517154 4603518.173761118 bare
17 467898.29701397714 4597292.474269377 grass
18 473068.79320203303 4592966.14072427 bare
19 479716.5740152478 4591699.896759847 trees
20 485098.1108640407 4596448.31162643 trees
21 478766.8910419314 4601091.206162643 shrubs
22 474018.47617534944 4603518.173761118 trees
23 457029.7029860229 4603412.65343075 rocks
24 443312.06003811944 4599613.921537484 grass
25 435503.55559085135 4606050.661689962 rocks
26 432548.9863405337 4612276.361181702 trees
27 445000.3853240153 4611432.198538755 shrubs
28 456607.62166454893 4611221.157878018 grass
29 451437.12547649303 4619451.74364676 bare
30 445422.4666454892 4628948.573379924 rocks
31 440779.57210927573 4638023.3217916135 grass
32 441096.13310038124 4647836.712515883 rocks
33 448377.03589580685 4653007.208703939 shrubs
34 458190.4266200763 4652690.647712833 trees
35 447110.79193138506 4646148.387229987 bare
36 462938.8414866582 4634541.1508894535 trees
37 466209.97172808135 4625782.963468869 grass
38 470536.3052731893 4639817.167407878 water
39 470958.3865946633 4651635.444409149 water
40 474651.5981575604 4623039.434879288 grass
41 428117.1324650572 4641083.4113723 trees
42 443628.62102922495 4593493.742376111 grass
